-0.03741455,-0.25463867
1.484375,-1.8427734
-0.5571289,0.25976562
1.4150391,-1.6269531
6.1367188,-6.3984375
0.97998047,-1.25
0.7597656,-1.8984375
2.3515625,-2.6523438
2.4238281,-2.5976562
-0.74316406,0.069885254
0.31152344,-0.6791992
-0.94189453,0.55566406
1.5517578,-1.8408203
2.8496094,-3.0390625
3.09375,-3.4648438
0.78564453,-1.0566406
2.7519531,-3.0039062
2.2539062,-2.53125
2.4726562,-2.671875
0.72021484,-1.0576172
1.6875,-1.9697266
0.06561279,-0.35229492
0.9921875,-1.2753906
1.6230469,-1.9794922
1.0810547,-1.3173828
-1.0869141,-0.3137207
1.5517578,-1.8261719
3.2597656,-3.4375
1.3007812,-1.5136719
4.734375,-5.0195312
-1.1640625,0.79785156
1.3896484,-1.6103516
0.40161133,-0.7050781
1.6728516,-1.8515625
2.9570312,-3.1640625
1.3349609,-1.6699219
2.84375,-3.0449219
1.8730469,-2.0527344
3.1796875,-3.5566406
2.265625,-2.5527344
1.0019531,-1.3095703
1.5117188,-1.8554688
0.72509766,-1.015625
0.04257202,-0.28393555
0.7597656,-1.0253906
1.3486328,-1.6328125
2.34375,-2.5996094
5.4453125,-5.7382812
1.6230469,-1.8632812
2.1230469,-2.3886719
0.890625,-1.078125
0.46362305,-0.71533203
1.6191406,-1.8369141
2.6171875,-2.9042969
3.3691406,-3.515625
-0.097595215,-0.32495117
-0.15063477,-0.0418396
2.40625,-2.6835938
0.59472656,-0.9501953
4.4765625,-8.8046875
2.3710938,-2.609375
3.0195312,-3.3144531
1.7939453,-2.0585938
1.5664062,-1.8779297
0.19152832,-0.45239258
6.0859375,-6.3554688
0.12768555,-0.6333008
2.4492188,-2.6484375
3.6699219,-3.875
1.7197266,-1.9570312
1.3857422,-1.7001953
0.85058594,-1.1064453
1.9785156,-2.1289062
1.2373047,-1.7138672
3.3417969,-3.5820312
3.3925781,-3.59375
1.0625,-1.2509766
4.46875,-4.8125
1.1074219,-1.4550781
2.9316406,-3.1640625
-0.25024414,-0.07531738
0.79296875,-1.0136719
2.2246094,-2.484375
1.0605469,-1.3925781
2.3964844,-2.6347656
0.62939453,-1.9345703
0.33007812,-0.67529297
1.9375,-2.1445312
2.3339844,-2.5410156
1.9267578,-2.1210938
2.0605469,-2.2558594
1.4658203,-1.7265625
0.1282959,-0.52441406
1.4238281,-1.6337891
3.6171875,-3.7949219
0.70654297,-1.2382812
1.8886719,-2.1523438
-0.1373291,-0.1920166
2.8203125,-3.0273438
1.0458984,-1.2685547
-0.29882812,0.0038318634
-0.86328125,0.5410156
3.5800781,-3.6757812
-1.3408203,0.9916992
0.86572266,-1.1435547
-0.06097412,-0.27392578
1.5166016,-1.7988281
1.0175781,-1.2871094
2.8007812,-3.0585938
2.1035156,-2.2910156
1.1601562,-1.3740234
4.0898438,-4.3789062
3.1953125,-3.5117188
2.0117188,-2.2558594
2.1660156,-2.4042969
0.52441406,-0.8725586
2.3574219,-2.6328125
2.9453125,-3.1699219
2.859375,-3.0703125
1.0117188,-1.1835938
1.8515625,-2.0996094
1.1396484,-1.4013672
4.1875,-4.4375
-0.17541504,-0.105285645
1.7441406,-2.03125
1.9335938,-2.1621094
2.8613281,-3.1132812
2.0351562,-2.3242188
0.14257812,-0.4099121
2.8320312,-3.0546875
0.6503906,-0.96240234
2.359375,-2.6210938
-0.45629883,-0.22497559
3.7089844,-4.0
0.6567383,-0.92578125
0.3720703,-0.6582031
1.4921875,-1.7392578
2.4238281,-2.6484375
2.5371094,-2.7988281
2.5957031,-2.78125
1.2890625,-1.6591797
2.9589844,-3.1894531
0.9116211,-1.171875
4.4609375,-4.6445312
1.8574219,-2.1914062
-0.11236572,-0.40478516
4.1171875,-4.3828125
2.7265625,-2.9355469
0.81591797,-1.2119141
0.36621094,-0.65771484
-1.4003906,1.0439453
1.7314453,-1.9892578
1.8769531,-2.1425781
-0.14733887,-0.005027771
2.609375,-3.0136719
4.0820312,-4.3398438
3.6855469,-3.9726562
1.0742188,-1.2890625
2.5585938,-2.6796875
0.02180481,-0.30908203
1.1044922,-1.2910156
2.4082031,-2.6621094
3.2539062,-3.5039062
3.1894531,-3.5566406
-0.12902832,-0.17919922
3.4257812,-3.9921875
-0.26171875,-0.140625
1.0908203,-1.2685547
2.0117188,-2.2304688
1.4082031,-1.7919922
0.94433594,-1.1992188
1.1865234,-1.4980469
2.0683594,-2.2832031
1.9189453,-2.140625
1.7109375,-1.9785156
1.8212891,-2.0761719
1.2353516,-1.4316406
1.9765625,-2.203125
1.6318359,-1.8378906
1.9970703,-2.1484375
1.8955078,-2.0839844
2.5019531,-2.7617188
2.1835938,-2.3203125
1.5947266,-2.046875
2.6328125,-2.8945312
2.7890625,-3.0976562
4.171875,-4.4257812
1.8339844,-2.0761719
0.7246094,-1.1904297
6.625,-6.9375
2.7773438,-3.0
-1.5927734,1.2871094
2.7714844,-3.0664062
3.5429688,-3.7753906
2.7148438,-2.9550781
2.8613281,-3.1347656
2.8847656,-3.0214844
0.36279297,-0.6694336
2.4082031,-2.9492188
2.8339844,-3.109375
5.7382812,-6.0664062
0.08331299,-0.33618164
0.17651367,-0.42651367
2.5722656,-2.765625
2.0390625,-2.3203125
2.2871094,-2.4804688
6.265625,-6.515625
1.9042969,-2.1191406
0.8901367,-1.1074219
2.7089844,-2.9707031
0.92578125,-1.2412109
2.6953125,-2.8925781
1.3095703,-1.6455078
2.5878906,-2.9042969
2.5507812,-2.8222656
4.265625,-4.5625
1.5185547,-1.8642578
2.4277344,-2.5996094
-0.23901367,-0.10357666
3.0488281,-3.2539062
1.1875,-1.4208984
1.1533203,-1.4101562
2.8261719,-3.0917969
0.63183594,-0.93115234
5.4140625,-5.65625
2.5996094,-2.8710938
2.9082031,-3.1875
1.2480469,-2.8652344
1.5166016,-1.8144531
4.078125,-4.390625
2.359375,-2.5820312
0.22155762,-0.5214844
-0.117370605,-0.17126465
1.71875,-1.84375
4.125,-4.3398438
1.2021484,-1.5166016
1.4648438,-1.7685547
2.1191406,-2.4199219
0.5527344,-0.81591797
2.4101562,-2.6386719
0.26611328,-0.6088867
2.0039062,-2.2519531
4.8125,-10.6484375
2.0253906,-2.1835938
-1.0800781,0.7734375
0.8178711,-1.0078125
1.3554688,-1.5654297
1.9238281,-2.1933594
3.1054688,-3.328125
1.3183594,-1.5849609
1.3085938,-1.4638672
1.0947266,-1.4521484
1.0791016,-1.3066406
1.1464844,-1.3232422
-0.5488281,0.2758789
0.044311523,-0.38085938
1.6982422,-1.9580078
1.2314453,-1.5742188
1.5273438,-1.6484375
1.7978516,-2.0429688
2.6386719,-2.8632812
0.8618164,-1.1962891
2.8457031,-3.0644531
3.2871094,-3.5253906
2.5605469,-2.8164062
2.4707031,-2.7363281
1.3232422,-1.5615234
1.3505859,-1.6113281
0.8227539,-1.0498047
1.5654297,-1.8339844
2.4414062,-2.6816406
0.72998047,-1.1113281
0.3010254,-0.5332031
1.6171875,-6.2695312
3.7714844,-4.03125
1.546875,-1.8515625
2.8554688,-3.1601562
2.5117188,-2.7460938
1.5585938,-3.4570312
-1.6982422,1.3173828
3.4960938,-3.6757812
2.6992188,-2.8964844
2.5253906,-2.7167969
2.9492188,-3.1679688
3.1835938,-3.3574219
3.7539062,-4.0507812
0.2076416,-0.3959961
0.62597656,-0.92041016
0.94677734,-1.1621094
2.0078125,-2.2617188
2.5332031,-2.734375
1.3173828,-1.5908203
2.2792969,-2.5117188
4.0820312,-4.3164062
3.2109375,-3.3964844
4.5976562,-4.859375
2.6894531,-2.9023438
2.7382812,-3.0390625
1.5205078,-1.7363281
3.0742188,-3.34375
2.1054688,-2.2851562
0.1394043,-0.41870117
2.0878906,-2.2382812
1.3017578,-1.6845703
3.5800781,-3.8125
1.4296875,-1.6337891
-0.28320312,-0.05532837
1.3642578,-1.6660156
0.8647461,-1.0986328
2.0273438,-2.3710938
2.8203125,-3.03125
2.4570312,-2.8515625
1.578125,-1.796875
3.0136719,-3.2167969
0.7841797,-1.1044922
-0.4411621,0.12902832
2.3066406,-2.4863281
1.3681641,-1.6015625
1.3017578,-1.5732422
2.2304688,-2.4824219
1.2109375,-1.4697266
1.4941406,-1.8183594
0.7583008,-0.95996094
1.9677734,-2.1777344
1.6943359,-1.9570312
2.1386719,-2.390625
2.5136719,-2.7675781
1.8056641,-2.1152344
-0.92089844,0.24633789
2.40625,-2.6191406
1.4980469,-1.9951172
1.9912109,-2.3046875
2.7597656,-2.9199219
3.6582031,-3.8613281
1.5019531,-1.7294922
0.98779297,-2.2851562
3.65625,-3.9335938
2.2050781,-2.4746094
1.2460938,-1.5214844
2.9746094,-3.2714844
3.890625,-5.7421875
2.8183594,-3.0097656
1.4238281,-1.7998047
1.3369141,-1.5009766
2.2597656,-2.40625
1.0078125,-1.2304688
2.5332031,-2.6875
2.0234375,-2.2167969
2.0585938,-2.2695312
2.2402344,-2.5117188
3.0332031,-3.1445312
0.43286133,-2.0410156
3.3125,-3.4453125
-1.1767578,0.6899414
3.4941406,-3.7207031
1.3017578,-1.5957031
2.1621094,-2.3710938
0.79052734,-1.0830078
0.71777344,-1.0117188
1.1083984,-1.3212891
3.3574219,-3.5878906
-0.15698242,-0.35229492
0.5649414,-0.9794922
0.23388672,-0.68408203
2.0058594,-2.2851562
-0.45874023,0.12536621
3.2421875,-3.5292969
3.3261719,-3.5996094
1.9902344,-2.2539062
1.0322266,-1.2646484
3.9707031,-4.2773438
0.9824219,-1.2519531
1.4169922,-2.1230469
-0.8754883,0.43920898
0.9350586,-1.1328125
2.6074219,-2.7675781
-0.13562012,-0.20715332
-0.69384766,0.34545898
3.2460938,-3.4199219
0.43041992,-0.68652344
1.6582031,-1.9365234
1.6347656,-1.8964844
-0.84277344,0.46069336
1.9257812,-2.2949219
2.6894531,-2.9472656
1.9609375,-2.7421875
-0.5488281,0.13476562
0.13183594,-1.2783203
2.8554688,-3.0917969
7.1757812,-7.4453125
5.984375,-16.6875
2.5957031,-2.8300781
1.2529297,-1.7929688
4.3671875,-4.6679688
0.7421875,-1.0009766
2.0117188,-2.1640625
2.90625,-3.1894531
-0.7402344,0.03439331
3.5332031,-3.8105469
-2.2304688,-28.578125
2.7617188,-3.0722656
1.9804688,-2.3203125
3.5800781,-3.75
0.3400879,-0.8413086
1.2060547,-1.4316406
-1.1953125,0.57714844
1.65625,-1.9863281
2.6210938,-3.3339844
5.234375,-5.484375
3.1777344,-3.3789062
2.03125,-2.1992188
2.1777344,-2.3320312
4.3085938,-4.5898438
2.8847656,-3.1523438
3.2734375,-3.46875
1.4267578,-1.7763672
-1.3037109,-2.6914062
1.6396484,-1.8417969
0.7011719,-0.9316406
1.8085938,-1.9677734
2.78125,-3.203125
0.06323242,-0.9902344
2.1464844,-2.2304688
0.05090332,-0.33251953
1.4130859,-1.6240234
0.7114258,-0.9980469
2.2636719,-2.515625
1.7431641,-1.9501953
2.3886719,-4.8476562
2.5898438,-2.8417969
1.3623047,-1.5283203
1.3017578,-1.6982422
1.7529297,-2.0839844
-0.55908203,0.2607422
3.0839844,-3.3339844
0.83251953,-1.1640625
2.5507812,-2.8652344
1.0595703,-1.2753906
1.9882812,-2.2753906
2.4570312,-2.6875
2.7636719,-4.0546875
1.421875,-1.7246094
1.0703125,-1.5449219
2.7695312,-3.0
3.6230469,-3.8203125
-1.7988281,1.4726562
0.7583008,-0.95996094
-0.9472656,0.66845703
2.7460938,-3.015625
-0.37768555,0.099121094
0.37817383,-0.6430664
1.1669922,-1.4482422
1.3056641,-1.5634766
2.203125,-2.4609375
2.7695312,-2.9511719
0.62939453,-1.0029297
5.578125,-5.8242188
2.1308594,-2.3144531
1.5615234,-1.8466797
1.4638672,-1.7216797
2.4804688,-2.6464844
2.8378906,-3.1132812
1.5009766,-1.7167969
3.546875,-3.6796875
3.5683594,-3.7441406
1.4248047,-1.7490234
0.578125,-0.86035156
1.7988281,-2.0605469
1.3603516,-1.7333984
0.81591797,-1.0488281
-0.6713867,-0.065979004
3.2753906,-3.5117188
3.0839844,-3.3613281
4.4335938,-4.6367188
3.9785156,-4.1601562
3.7695312,-3.890625
2.7070312,-3.1484375
1.8974609,-2.1210938
0.21508789,-0.5644531
2.7617188,-2.9980469
3.9804688,-4.2148438
3.5605469,-3.8339844
-0.02229309,-0.70996094
2.5371094,-2.7128906
5.9609375,-18.359375
1.9511719,-2.1796875
2.3691406,-2.6015625
1.1826172,-1.4423828
2.53125,-2.9980469
1.2519531,-1.6347656
2.2109375,-2.4414062
0.9277344,-1.2285156
-0.67089844,0.31982422
0.6098633,-0.8955078
1.8164062,-2.1328125
0.45336914,-0.7324219
2.3300781,-2.4296875
2.7617188,-3.0039062
0.7895508,-1.0332031
2.0917969,-2.3164062
3.6015625,-3.8300781
1.9472656,-2.1777344
1.9677734,-2.296875
0.8881836,-1.0507812
2.5078125,-2.7460938
2.3496094,-2.7070312
1.1210938,-1.3632812
2.6054688,-2.8886719
0.38330078,-0.6347656
1.2158203,-1.5244141
1.40625,-1.7050781
2.1640625,-2.3769531
4.109375,-4.296875
1.9873047,-2.2402344
4.5078125,-4.828125
1.7236328,-1.9550781
4.3789062,-4.640625
-1.9404297,1.4208984
1.4970703,-1.7333984
2.4472656,-2.7011719
0.15136719,-0.57421875
0.7573242,-1.3007812
6.9609375,-7.359375
3.1621094,-3.3632812
0.97558594,-1.2314453
1.4912109,-1.6708984
2.9394531,-3.1855469
1.7978516,-2.015625
0.85058594,-1.0654297
1.7978516,-2.0371094
0.95458984,-1.1308594
1.6972656,-7.0078125
2.0078125,-2.1933594
2.0722656,-2.3398438
2.921875,-3.1738281
4.3203125,-4.5
1.8466797,-2.1210938
1.328125,-1.6796875
3.0722656,-3.3457031
4.65625,-5.7734375
0.52490234,-0.87353516
0.30078125,-0.65771484
4.65625,-4.8945312
1.8007812,-2.0351562
2.0039062,-2.2207031
2.359375,-2.828125
1.6650391,-1.9248047
3.2382812,-3.5136719
2.4785156,-2.7773438
0.41748047,-0.74121094
2.3828125,-2.6074219
0.66845703,-0.97265625
0.3930664,-0.6958008
4.59375,-13.6328125
1.6972656,-1.8798828
0.6977539,-1.0498047
-0.36083984,0.1986084
2.4199219,-2.6796875
1.59375,-1.7705078
0.09259033,-0.4453125
0.9394531,-1.2539062
1.1621094,-1.453125
2.421875,-2.7695312
-1.28125,1.0244141
0.51708984,-0.92041016
1.0703125,-1.3222656
1.0029297,-1.2519531
1.8027344,-2.0136719
0.9892578,-1.2578125
4.390625,-4.6484375
1.2832031,-1.5878906
2.5371094,-2.7421875
2.6484375,-2.9082031
1.7783203,-1.9892578
-0.027648926,-0.265625
1.5097656,-1.7695312
1.0341797,-1.3447266
2.3046875,-2.53125
2.6601562,-2.7832031
1.5488281,-1.6435547
0.5498047,-0.8066406
0.81347656,-0.9814453
2.1503906,-2.5039062
2.2832031,-2.5058594
0.56640625,-0.77246094
1.8759766,-2.0957031
2.0019531,-2.2695312
1.7304688,-1.9726562
1.1083984,-1.3544922
2.2558594,-2.5039062
1.6904297,-1.921875
1.7919922,-2.0507812
1.1787109,-1.4335938
4.5273438,-4.7226562
0.88720703,-1.1464844
4.84375,-5.2070312
3.5761719,-3.8476562
4.1914062,-4.3945312
0.06994629,-0.36914062
4.4101562,-4.7265625
1.4794922,-1.6640625
1.8974609,-2.1875
1.0175781,-1.3789062
3.1972656,-3.4589844
3.8652344,-4.1289062
0.4892578,-0.7495117
0.53564453,-0.79003906
3.5058594,-3.7558594
0.4182129,-0.7524414
1.7246094,-1.9296875
2.3125,-2.5859375
2.8945312,-3.0703125
0.9736328,-1.2021484
2.6855469,-2.9492188
2.1445312,-2.4121094
3.0917969,-3.4375
1.4931641,-1.7636719
1.0947266,-1.2939453
1.3076172,-2.140625
3.1386719,-3.4550781
0.3779297,-0.69140625
2.7167969,-2.953125
1.03125,-1.2275391
1.8974609,-2.0390625
1.3955078,-1.7421875
0.94433594,-1.1767578
2.265625,-2.5605469
1.1816406,-1.3759766
2.0253906,-2.2304688
-0.19067383,-0.15185547
2.4121094,-2.7285156
0.07312012,-0.24816895
3.9824219,-4.2226562
3.1347656,-3.5078125
0.9863281,-1.2880859
2.1738281,-2.5410156
2.3125,-2.5957031
-0.31933594,0.020385742
1.1357422,-1.4892578
0.27075195,-0.56933594
4.2070312,-4.4140625
3.9882812,-4.2460938
1.9628906,-7.7304688
0.98876953,-1.2041016
2.5742188,-2.8496094
5.7226562,-5.9804688
0.012809753,-2.421875
2.1835938,-2.453125
2.5878906,-2.7792969
1.3486328,-1.6015625
3.1796875,-3.4355469
2.0703125,-2.3613281
4.3125,-4.5703125
1.7958984,-2.046875
2.5996094,-2.8144531
1.0742188,-1.2617188
1.1679688,-1.4589844
1.9501953,-2.2265625
2.5019531,-2.6796875
-2.5761719,2.1796875
1.7714844,-1.9521484
4.3828125,-4.7304688
0.108947754,-0.49560547
1.6894531,-2.0234375
2.4746094,-2.6894531
1.5302734,-1.8818359
1.3486328,-1.5751953
0.6323242,-0.91503906
2.2050781,-2.3613281
2.8710938,-3.171875
-0.90234375,0.5390625
-2.6855469,2.0722656
1.9501953,-2.1484375
1.9755859,-2.3378906
3.5546875,-3.8046875
2.5644531,-2.7050781
1.6201172,-1.8486328
0.86865234,-1.0439453
2.7792969,-2.9550781
1.2529297,-1.5146484
-0.08288574,-0.28881836
2.2363281,-2.4296875
2.3476562,-2.5722656
2.6855469,-2.8710938
2.5175781,-2.7441406
1.5566406,-1.8935547
2.3164062,-2.5683594
2.1894531,-2.5
1.7890625,-2.2167969
1.03125,-1.3330078
2.0859375,-2.4492188
3.7148438,-3.9589844
2.2460938,-2.3730469
2.8222656,-3.0253906
0.16259766,-0.43408203
3.7773438,-4.0585938
1.0917969,-1.2783203
3.5722656,-3.8300781
0.91796875,-1.1503906
1.8359375,-2.1152344
0.12609863,-0.4243164
3.7578125,-4.1484375
1.2919922,-1.5429688
0.7631836,-1.0175781
3.1542969,-3.359375
1.1796875,-1.4804688
2.5078125,-2.8203125
2.4003906,-3.9511719
1.5966797,-1.9746094
1.4003906,-1.5605469
0.36938477,-0.6303711
3.6660156,-3.8671875
0.23730469,-0.4777832
1.2294922,-1.4521484
5.1601562,-9.109375
4.3945312,-4.6328125
1.2236328,-1.4345703
3.40625,-3.6738281
2.3691406,-2.5605469
0.7788086,-1.0771484
0.53808594,-0.9560547
3.203125,-3.4511719
1.3681641,-1.6347656
1.8642578,-2.09375
1.65625,-1.8867188
2.2480469,-2.4160156
2.4453125,-2.6523438
2.1523438,-2.4082031
0.06726074,-0.4621582
3.1113281,-3.4042969
2.3300781,-2.6738281
1.3339844,-1.6435547
1.1171875,-1.3837891
0.76904297,-1.0117188
-1.4980469,1.1240234
0.34716797,-0.60058594
3.7890625,-4.0351562
1.9238281,-2.171875
0.17956543,-3.7050781
-0.46118164,0.18933105
2.7988281,-3.0136719
4.1640625,-4.3984375
4.15625,-4.3632812
2.96875,-3.15625
0.35253906,-0.76708984
2.7734375,-3.8808594
2.0976562,-2.2910156
1.8105469,-2.1230469
2.9824219,-3.1914062
2.2265625,-2.5175781
0.63671875,-0.8959961
0.067993164,-0.29956055
1.7949219,-2.0234375
3.5722656,-3.7714844
1.0996094,-1.9384766
1.1318359,-1.4013672
1.7744141,-2.0878906
2.4511719,-2.6464844
0.015083313,-0.52441406
0.04248047,-0.7475586
3.6464844,-3.8847656
2.140625,-2.4882812
-0.41601562,0.19335938
2.0039062,-2.234375
1.0498047,-1.2363281
1.2412109,-1.5449219
2.6992188,-2.90625
-0.7192383,0.45874023
0.671875,-0.8886719
1.8056641,-2.0273438
2.765625,-3.0058594
2.7558594,-3.1308594
1.4130859,-1.7041016
0.5541992,-0.8432617
2.2285156,-2.4042969
1.5517578,-1.8125
2.5078125,-2.6875
0.38354492,-0.7236328
1.5136719,-1.9560547
0.8730469,-1.1962891
2.2871094,-2.9238281
2.5605469,-2.8203125
1.1865234,-1.6083984
1.6884766,-1.9570312
1.5839844,-1.7509766
2.7285156,-3.0351562
1.8837891,-2.0722656
1.5615234,-1.8154297
3.5585938,-3.8359375
2.3378906,-2.5332031
1.7841797,-2.0566406
2.3652344,-2.7011719
5.484375,-5.8007812
1.2753906,-1.6044922
2.7792969,-2.9707031
2.2226562,-2.421875
1.6484375,-1.90625
2.8554688,-3.1367188
1.9892578,-2.2324219
0.9199219,-1.1699219
4.2265625,-4.4492188
2.2753906,-2.5878906
1.7871094,-2.0644531
4.890625,-5.1796875
0.5961914,-0.8496094
0.19567871,-0.51904297
0.5341797,-0.90283203
2.3242188,-2.546875
1.9599609,-2.2363281
2.9667969,-3.2539062
0.3388672,-1.1445312
1.4726562,-1.7480469
0.57714844,-0.8183594
2.578125,-2.7773438
4.953125,-5.2226562
1.8730469,-3.2246094
2.6425781,-2.9023438
8.5078125,-21.0625
-0.31518555,-0.005214691
1.3027344,-1.4882812
-0.6118164,0.36938477
1.4609375,-1.7324219
2.5058594,-2.7089844
2.1269531,-2.2578125
0.48828125,-2.3320312
2.1542969,-2.453125
1.6113281,-1.7480469
1.3115234,-1.6992188
3.7910156,-4.0078125
1.7773438,-2.0351562
0.57714844,-0.9086914
1.7871094,-2.03125
2.3867188,-2.59375
2.2441406,-2.4589844
5.6445312,-5.9296875
0.7753906,-1.2021484
1.1835938,-1.3828125
3.9003906,-4.15625
2.1992188,-2.4921875
1.1464844,-1.3857422
1.7685547,-1.9277344
2.4433594,-2.6621094
0.64404297,-0.82958984
2.8769531,-3.1269531
1.9169922,-2.1757812
0.51171875,-0.8022461
1.6318359,-1.9335938
2.6972656,-2.8613281
3.8085938,-4.0742188
1.8222656,-2.0761719
0.49194336,-0.84716797
4.2890625,-4.5976562
1.7236328,-1.9335938
0.28344727,-1.2226562
1.9208984,-2.109375
1.7685547,-1.9589844
1.7783203,-2.0507812
3.2050781,-3.3984375
1.8212891,-2.0859375
1.2753906,-1.6513672
4.5078125,-4.6992188
2.6679688,-2.8886719
2.4003906,-2.7382812
2.5214844,-2.7265625
1.6425781,-1.8505859
1.6513672,-2.015625
0.81591797,-1.0732422
0.47314453,-0.9121094
3.8964844,-4.15625
2.640625,-2.9179688
2.8789062,-3.125
2.5214844,-2.6875
1.7734375,-1.9648438
1.6894531,-1.8867188
0.9663086,-1.3564453
1.1572266,-1.5410156
2.3398438,-2.5761719
0.99121094,-1.2783203
-0.8618164,0.54785156
2.0078125,-2.3125
2.4785156,-2.6542969
2.2089844,-2.4316406
10.8515625,-16.0625
-0.47485352,0.14807129
0.81152344,-1.1533203
2.7089844,-2.9550781
1.2636719,-1.4619141
2.4335938,-2.6933594
3.171875,-3.3984375
-1.0126953,0.5419922
2.8105469,-3.1074219
1.5712891,-1.7988281
2.0175781,-2.2324219
0.07446289,-0.53564453
-1.6289062,0.83935547
2.7597656,-3.0273438
1.5986328,-1.8847656
3.4375,-3.7207031
3.4980469,-3.7089844
3.7695312,-4.0546875
2.3105469,-2.5058594
0.41918945,-0.70947266
5.0742188,-5.3164062
0.25439453,-0.6220703
2.4726562,-2.921875
3.2910156,-3.4746094
1.6621094,-1.9150391
1.9267578,-2.1425781
3.8789062,-4.265625
3.6542969,-3.9511719
2.2109375,-2.4960938
3.7636719,-3.9609375
0.5546875,-0.7524414
2.6992188,-2.921875
3.4238281,-3.6835938
2.0,-2.3144531
4.5117188,-4.875
0.86621094,-9.4296875
2.1875,-2.4082031
-0.6899414,0.43164062
1.8955078,-2.0878906
1.7490234,-1.9775391
1.2128906,-1.4882812
3.2519531,-3.5253906
1.9599609,-2.2578125
3.0800781,-3.3574219
2.8476562,-3.09375
2.734375,-2.9355469
1.8554688,-2.1308594
2.6328125,-2.7753906
1.1660156,-1.3964844
1.1464844,-1.3876953
5.1054688,-5.4101562
2.0253906,-2.3027344
3.203125,-3.3730469
2.9765625,-3.2558594
-0.025497437,-0.10510254
1.0595703,-1.4375
1.5361328,-1.890625
-1.4921875,-6.203125
0.48291016,-0.80078125
-0.21374512,-0.08074951
3.9980469,-4.203125
1.9248047,-2.1914062
0.121398926,-0.4038086
3.1601562,-3.4160156
1.9492188,-2.1640625
0.8959961,-1.2070312
-0.5444336,0.034179688
1.4267578,-1.6132812
2.1191406,-2.375
2.3417969,-2.765625
-0.72998047,0.35839844
2.5507812,-2.7480469
0.6435547,-0.8901367
-1.0478516,0.7583008
3.046875,-3.3125
1.9833984,-2.2734375
3.2578125,-3.4394531
3.0625,-3.2597656
1.0664062,-1.2480469
3.0039062,-3.2109375
1.5449219,-1.6962891
3.0957031,-3.3046875
0.94921875,-1.3017578
1.1933594,-1.4521484
2.2324219,-2.4765625
1.7490234,-2.015625
1.3037109,-1.4580078
1.8652344,-2.0390625
1.9560547,-2.2128906
2.9433594,-3.1933594
4.1015625,-4.390625
0.5004883,-0.7451172
2.9863281,-3.21875
0.77978516,-1.0585938
2.234375,-2.4589844
1.4746094,-1.8925781
2.2421875,-2.4394531
2.6855469,-2.9296875
4.3203125,-4.5546875
2.4628906,-2.7070312
-0.93896484,0.51171875
0.16992188,-0.3527832
2.1914062,-2.4628906
0.7578125,-2.0957031
2.1367188,-2.3769531
2.7675781,-3.0820312
-2.3144531,1.9248047
2.6875,-3.0
0.4716797,-0.70751953
2.5488281,-2.8671875
0.89697266,-1.0820312
3.6113281,-3.8261719
1.3847656,-1.9091797
3.0195312,-3.2265625
2.7441406,-2.8808594
2.765625,-3.0351562
2.8730469,-3.1191406
1.1386719,-1.4833984
-0.21350098,-0.031280518
-1.8310547,1.5214844
-1.1230469,0.8388672
-0.14123535,-0.056549072
-1.4892578,1.1162109
-1.6386719,1.2197266
1.0410156,-1.3144531
1.9199219,-2.1640625
-0.82128906,0.45043945
-1.2988281,0.9560547
-1.171875,0.8334961
-1.1269531,0.7675781
-1.5605469,1.3007812
-1.9160156,1.53125
-3.9257812,3.328125
1.2353516,-1.4580078
-0.6201172,0.35986328
0.04525757,-0.4272461
-1.6933594,1.3183594
-1.03125,0.75
-1.3867188,1.1484375
-0.22216797,-0.05392456
0.50634766,-0.7890625
-3.6367188,3.2636719
-1.6279297,1.3232422
-1.8564453,1.5253906
-1.2177734,0.63427734
-2.4335938,2.0859375
-3.0820312,2.6542969
-0.07537842,-0.10479736
-1.1123047,0.8125
-4.4296875,3.8085938
-1.4433594,1.0283203
-2.0976562,1.7412109
-3.1601562,2.6972656
-2.5390625,2.1289062
0.5649414,-0.8671875
-2.328125,1.7138672
-0.6113281,0.40234375
1.9677734,-2.1230469
0.029693604,-0.29711914
-3.5234375,3.0253906
-0.08770752,-0.23828125
-0.33374023,-0.13513184
-1.1972656,0.8598633
-3.6191406,3.1191406
0.034118652,-0.29101562
1.0039062,-1.2929688
-1.2597656,0.8852539
-1.4072266,1.0634766
-3.8417969,3.1582031
-1.5371094,1.2207031
-2.2421875,1.5039062
-2.2988281,1.8652344
-0.25854492,-0.028121948
2.4238281,-2.71875
-4.3125,1.7402344
-1.2753906,1.0419922
-4.6640625,4.0664062
-1.5205078,1.1669922
-0.72021484,0.43969727
-2.2578125,1.9101562
-3.1660156,2.7832031
-1.1181641,0.7910156
-2.0019531,1.6455078
-4.3632812,3.7578125
0.3330078,-0.609375
-3.0449219,2.6601562
-1.9970703,1.6064453
1.5507812,-1.859375
-2.2734375,1.875
-3.7109375,3.2597656
1.0195312,-1.3193359
-1.5136719,-0.30371094
0.44799805,-0.6376953
-1.6777344,-1.0380859
0.67041016,-0.8833008
-1.2939453,0.95947266
0.66748047,-0.9604492
1.2304688,-1.5361328
-0.75927734,0.38476562
-3.1484375,2.8242188
-5.96875,5.2109375
1.1416016,-1.421875
2.6152344,-2.8261719
-0.6894531,0.41552734
-0.25390625,-2.4902344
-5.1796875,4.6757812
-3.0097656,2.5839844
-3.6621094,3.1289062
-0.5419922,0.15148926
-1.8164062,1.2373047
0.65478516,-1.0048828
0.2277832,-0.3503418
-0.36914062,-1.2353516
-2.0058594,1.6640625
-5.5117188,4.75
-0.1204834,-0.19909668
-0.23242188,-0.06286621
0.87158203,-1.21875
-2.7734375,2.3886719
-0.1348877,-0.1348877
0.5419922,-0.875
-1.2666016,0.81591797
0.43701172,-0.6723633
0.13952637,-0.32714844
0.6689453,-0.8911133
-0.8305664,0.45532227
-0.6645508,0.44140625
0.71728516,-0.89990234
2.2753906,-2.5800781
-2.2246094,1.2685547
-1.9960938,1.6113281
-1.3115234,1.0712891
-1.0410156,0.6821289
1.3144531,-1.5078125
-0.33984375,0.11016846
1.3769531,-1.5302734
1.0986328,-1.4013672
-2.4511719,1.9238281
0.051116943,-0.37231445
-1.8300781,1.5898438
-0.7368164,-0.4807129
0.55615234,-0.8227539
-3.6269531,3.1894531
-4.2265625,3.5917969
-1.8935547,1.5009766
0.9301758,-1.2148438
2.1484375,-2.3320312
-3.8027344,3.3300781
0.32226562,-0.70996094
0.49194336,-0.7285156
2.4003906,-7.2539062
-1.3291016,0.984375
-5.0585938,4.5507812
0.44140625,-0.82714844
-1.9404297,1.6181641
-3.03125,2.5722656
-0.296875,0.011695862
-0.055664062,-0.13964844
-3.53125,3.078125
-2.9960938,2.5605469
-0.4489746,0.09851074
-1.0361328,0.71728516
-3.1210938,1.0283203
1.5839844,-1.7988281
-0.45703125,0.14904785
-0.5864258,0.33520508
-0.65625,0.31298828
-5.15625,4.28125
-3.8867188,3.4882812
-0.9980469,0.6723633
0.9848633,-1.2333984
0.8051758,-1.1601562
-1.3544922,1.1113281
-2.7109375,2.2773438
-1.4941406,1.1191406
-0.59033203,0.32836914
-1.4150391,1.0644531
-1.6513672,1.3183594
3.2929688,-3.5566406
1.2099609,-1.3144531
-4.6171875,4.078125
-2.8710938,2.4609375
-1.9423828,1.4824219
-0.6074219,0.29858398
-0.8769531,0.5996094
-0.067871094,-0.21081543
0.52246094,-0.77783203
-1.8095703,1.4951172
-1.6923828,1.2460938
-2.6640625,2.2929688
0.75146484,-1.0595703
1.4882812,-1.6552734
-8.109375,7.0820312
-2.1914062,1.9042969
-3.453125,3.0683594
-0.3618164,0.08581543
-4.1445312,3.5527344
-3.5195312,3.0605469
-2.3769531,1.8994141
-2.3417969,1.9775391
-3.6347656,3.0117188
-2.546875,2.1875
-2.1269531,1.7802734
-1.640625,1.0859375
-1.1875,0.890625
-2.0390625,1.6523438
1.3515625,-1.5458984
-1.3183594,1.0498047
1.6757812,-2.0273438
-2.1289062,1.8144531
1.6621094,-1.8291016
-1.6679688,1.2695312
-3.7578125,3.3125
-3.1738281,2.6953125
-1.0175781,0.6801758
-0.8930664,0.57373047
-1.3652344,0.5708008
-2.1699219,1.7265625
-1.8818359,1.4814453
2.0625,-2.2578125
-4.953125,4.2460938
-2.8085938,2.4355469
-1.6806641,1.3652344
-0.002986908,-0.25561523
-2.8925781,2.5175781
-2.2070312,1.8203125
-2.0292969,1.6972656
-3.0488281,2.6171875
-3.7207031,3.2285156
-1.296875,1.0566406
-0.3408203,0.061401367
1.4033203,-1.5751953
-2.7871094,2.328125
-0.14782715,-0.14794922
-1.7958984,1.3447266
-0.47338867,0.18017578
1.0283203,-1.3759766
0.52490234,-0.7988281
-1.2001953,0.74365234
0.31176758,-0.6503906
0.5288086,-0.8588867
-0.0076675415,-0.2722168
-2.0019531,1.6669922
-1.1982422,0.65722656
-0.12548828,-0.115722656
-2.5273438,2.0839844
-3.0664062,2.6445312
1.3710938,-1.7021484
0.1463623,-0.4416504
1.1591797,-1.3896484
-0.48486328,0.10333252
-0.56689453,0.046966553
0.55908203,-0.8154297
-2.1308594,1.7392578
1.6669922,-1.9726562
-5.0859375,4.6054688
0.79785156,-1.1904297
3.0058594,-3.234375
-3.1152344,2.640625
-3.109375,2.65625
-2.6523438,2.3007812
-0.27075195,0.021057129
-1.7236328,1.4208984
0.33129883,-0.6586914
2.265625,-2.4492188
-1.1523438,0.86816406
-5.1679688,4.6171875
-0.2734375,0.01637268
-1.3378906,1.0751953
-1.0273438,0.74658203
0.33007812,-0.47827148
-3.1816406,2.7226562
-1.2412109,0.88671875
-1.2705078,0.8339844
-0.008224487,-0.37304688
-4.0039062,3.4941406
-1.4199219,1.0214844
1.9570312,-2.2636719
-2.9726562,2.6738281
-2.9199219,2.4589844
-0.5761719,0.30419922
-0.5698242,0.23474121
-3.0976562,2.7695312
-9.765625,-3.6816406
-1.1679688,0.76220703
-0.82910156,0.5175781
0.3149414,-0.5854492
-4.3554688,3.8339844
2.1679688,-2.4355469
-0.7871094,0.47070312
-0.7001953,0.34204102
-1.5263672,1.1972656
-1.578125,1.1962891
-3.7324219,3.1914062
0.77246094,-1.0625
-1.6210938,1.1152344
-6.0234375,5.3007812
-0.7426758,0.28393555
-2.2753906,1.9189453
-1.3564453,1.0830078
-0.55322266,0.14001465
-1.7216797,1.3496094
0.7416992,-1.078125
0.053833008,-0.3798828
0.86865234,-1.0693359
0.8125,-0.9902344
-3.46875,2.9746094
-0.15881348,-0.044006348
-0.7890625,0.4638672
-0.04345703,-0.24194336
-5.71875,5.0351562
-2.8457031,2.4296875
-1.1308594,0.8378906
-1.2880859,0.99853516
-2.3671875,1.2197266
-0.15124512,-0.13146973
-0.062683105,-0.20837402
-1.5283203,0.9980469
0.01914978,-0.22460938
0.28027344,-0.57177734
-4.21875,3.7597656
-1.2568359,0.88427734
-0.23693848,-0.09185791
0.7006836,-0.97753906
1.2216797,-1.4541016
-1.8037109,1.3740234
-2.8535156,2.3789062
-1.8564453,1.4882812
0.05807495,-0.36767578
-1.6582031,1.3398438
0.90283203,-1.140625
-1.5302734,1.1220703
0.7470703,-1.0039062
0.8222656,-1.0253906
0.4169922,-0.6035156
1.2216797,-1.4746094
-3.2519531,2.7363281
-4.4648438,4.0
-6.7773438,5.9960938
-0.95458984,0.5253906
-0.6176758,0.29223633
-4.0742188,3.5019531
-2.3984375,2.0292969
-1.0429688,0.7792969
2.5,-2.75
-0.34204102,-0.005355835
-0.042877197,-0.18603516
-0.6533203,0.27905273
0.27612305,-0.5415039
-0.14575195,-0.17370605
-0.5390625,0.29663086
-1.9755859,1.6826172
-0.6191406,0.3017578
-3.234375,2.7578125
-2.1386719,1.7617188
-1.2988281,0.91308594
-3.5839844,3.2070312
0.57421875,-0.74658203
1.7363281,-2.0703125
-0.31396484,0.14196777
-0.3779297,0.0637207
0.65966797,-0.9169922
-1.0722656,0.72998047
-2.0273438,1.6933594
-1.4042969,0.76220703
-0.90722656,0.66796875
-2.0664062,1.6962891
-2.7832031,2.1777344
0.44311523,-0.68310547
0.029846191,-0.30395508
1.8369141,-2.1074219
-1.3886719,1.0722656
-0.5180664,-1.1035156
-3.3535156,2.859375
-3.3691406,2.6210938
-0.49609375,0.109375
-1.4082031,0.5004883
-0.13244629,-0.18737793
-0.14355469,-0.17602539
-6.1601562,5.4023438
-0.5,0.11798096
-3.6132812,3.09375
1.8837891,-2.1777344
-0.61816406,0.3557129
-2.9023438,2.1933594
0.33935547,-0.65478516
-0.6376953,0.26757812
-1.5361328,1.1757812
0.890625,-1.1425781
-0.20288086,-0.03765869
-2.7460938,2.296875
-3.1953125,2.796875
-3.296875,2.78125
-1.4882812,0.92089844
-1.0117188,0.63916016
0.62597656,-0.890625
0.6533203,-0.9291992
0.26586914,-0.53759766
-3.3398438,2.890625
0.05456543,-0.35180664
1.1845703,-1.5507812
0.81591797,-1.0839844
-9.25,8.484375
-0.066589355,-0.09875488
-2.2675781,1.8427734
-1.1464844,0.3371582
-2.0195312,1.6298828
-3.4667969,2.953125
-1.6611328,1.3007812
-1.7910156,1.3066406
-2.7207031,2.3066406
0.12731934,-0.33642578
-1.8339844,1.4384766
-0.07336426,-0.18908691
1.1679688,-1.6113281
0.8911133,-1.1201172
-0.59765625,0.2697754
-0.94433594,0.51953125
0.83447266,-0.96484375
-0.6640625,0.4404297
-1.8457031,1.5351562
-4.1835938,3.6933594
-5.1757812,4.5195312
-2.7480469,2.3222656
-1.1328125,0.765625
0.18798828,-0.37036133
-0.8203125,0.4453125
-4.9453125,4.265625
0.8808594,-1.1679688
-0.52490234,0.14807129
-5.1914062,4.5898438
0.3869629,-0.6489258
-0.21960449,-0.056793213
-0.76708984,0.3935547
2.6191406,-2.953125
-2.9746094,2.6601562
0.98046875,-1.2392578
1.2431641,-1.4150391
-3.9355469,3.4003906
-2.3007812,1.8720703
0.72314453,-0.89501953
0.4975586,-0.80566406
-1.5537109,-0.16210938
0.032287598,-0.3466797
1.1679688,-1.4560547
-2.1738281,1.8017578
-1.9580078,1.6162109
-2.3398438,1.9443359
-0.37402344,0.04373169
-0.06329346,-0.22595215
-1.3671875,1.0625
1.8945312,-2.0292969
-0.6586914,0.30859375
-2.3007812,1.8564453
0.19885254,-0.41479492
1.9492188,-2.15625
-1.9267578,1.6220703
-0.72558594,0.49047852
-1.0146484,0.7211914
-1.6914062,1.2685547
-1.1494141,0.7128906
2.4726562,-2.7285156
-1.0273438,0.74853516
-1.0439453,0.6748047
-3.6621094,3.2910156
-5.6054688,5.0585938
1.2529297,-1.4169922
-1.9775391,1.6328125
-1.1630859,0.83935547
-0.73535156,0.3491211
-1.1835938,0.8652344
3.5683594,-3.7519531
-4.4492188,3.7148438
2.0820312,-2.3417969
-3.3164062,2.7792969
-1.1757812,0.85595703
-2.8007812,2.3046875
0.33520508,-0.64501953
-5.1835938,4.6992188
-0.06854248,-0.23583984
-1.4033203,1.0634766
-1.6279297,1.2441406
0.6645508,-0.85839844
-3.09375,2.6914062
0.79052734,-1.0097656
-2.8847656,2.5644531
-1.2470703,0.8720703
-1.5234375,1.2109375
-1.9941406,1.5654297
-0.7558594,0.5810547
-0.2512207,-0.045562744
-1.0371094,0.5834961
-2.0839844,1.6884766
-0.5859375,0.25463867
-1.5117188,1.1650391
-0.8623047,0.3010254
-0.40112305,-0.9082031
1.3095703,-1.4746094
-3.5839844,3.1445312
2.2792969,-2.4765625
0.32543945,-0.60839844
-2.7324219,2.3769531
0.022659302,-0.28051758
1.0214844,-1.2666016
-0.57373047,0.19677734
-1.7558594,1.2207031
0.22753906,-0.4885254
2.6875,-2.8945312
-3.5585938,2.28125
-0.12371826,-0.095214844
-3.6757812,3.1425781
-0.2076416,-0.017807007
0.14819336,-0.43896484
-3.0703125,2.6386719
0.11853027,-0.42797852
0.09509277,-0.41845703
-3.4375,3.0195312
-0.8959961,0.6879883
-1.4980469,1.2255859
0.97265625,-1.1396484
0.9145508,-1.1542969
-1.1542969,0.83496094
-3.3652344,2.9707031
-0.6386719,0.27783203
-1.6816406,1.3613281
-2.7851562,-1.8808594
-2.125,1.6777344
-0.51416016,0.23339844
-1.2714844,0.9472656
1.6689453,-1.8671875
1.9404297,-2.1621094
1.6757812,-1.8916016
0.0982666,-0.36645508
-0.29907227,0.09576416
0.0026073456,-0.24511719
-1.1328125,0.828125
0.9145508,-1.1884766
-1.5234375,1.1865234
-2.3066406,2.0
-0.65625,0.34985352
0.88623047,-1.1533203
-1.7285156,1.3300781
0.6118164,-0.79541016
-1.8613281,1.5234375
1.1152344,-1.3476562
-4.5234375,3.9257812
-1.2490234,0.8442383
-1.0166016,0.65478516
-0.30273438,-0.015716553
0.05947876,-0.3347168
-1.4443359,0.98095703
-2.3085938,1.8925781
0.7597656,-1.078125
-4.2460938,3.5742188
-2.7109375,2.328125
-4.1757812,3.6796875
-2.6777344,2.1640625
-6.328125,5.640625
-0.34301758,0.07550049
-1.4072266,1.0898438
-1.9658203,1.2558594
0.1583252,-0.3930664
-2.6269531,2.1914062
-3.6035156,2.9589844
-2.1289062,1.7177734
-0.99609375,0.71484375
-1.3837891,0.99609375
-2.25,1.9111328
-2.8808594,2.4375
0.1907959,-0.49853516
0.39453125,-0.68603516
-0.47851562,0.17041016
-4.5429688,4.125
-0.94433594,0.67871094
0.7421875,-1.0605469
0.79248047,-1.0673828
-0.40625,0.08685303
-0.4790039,0.15185547
-4.09375,3.4882812
1.1865234,-1.4326172
-3.0625,2.6074219
-0.84716797,0.5307617
0.5107422,-0.95458984
-1.8095703,1.3183594
-1.1552734,0.8046875
1.1416016,-1.4560547
-3.1523438,2.8105469
0.7519531,-1.0478516
-1.4355469,1.1875
-3.8417969,3.3242188
-6.4296875,5.8320312
-1.4560547,1.0449219
-0.007232666,-0.25878906
0.77197266,-1.0058594
-1.0332031,0.8144531
-5.0820312,4.4414062
0.31176758,-0.5805664
-0.82958984,0.47753906
-3.1582031,2.4394531
-0.6245117,0.28100586
-2.1660156,1.8105469
-1.0957031,0.77197266
-1.3916016,1.0263672
-1.1347656,0.9013672
-1.0263672,0.74072266
-4.5195312,4.0195312
0.87158203,-1.1308594
-0.16552734,-0.11767578
-2.6171875,2.1601562
-1.8476562,1.4824219
-2.2675781,1.8916016
-2.9902344,2.5644531
-0.18969727,-0.08673096
2.3476562,-2.5722656
3.09375,-3.3378906
0.8076172,-1.1015625
-1.7167969,1.4658203
-0.5410156,0.13671875
0.42016602,-0.63183594
0.23242188,-0.5834961
-1.1884766,0.91748047
1.7695312,-1.9511719
-1.1298828,0.8989258
0.35498047,-0.60546875
-1.2373047,0.8847656
-0.5288086,0.13830566
-0.025512695,-0.3190918
-3.3242188,2.6582031
0.36914062,-0.5395508
-1.1435547,0.61083984
-1.4697266,1.171875
-0.48364258,0.18017578
-2.3105469,1.9082031
-0.010528564,-0.31762695
0.18640137,-0.49853516
1.3583984,-1.5039062
-0.77197266,0.50390625
-4.1679688,3.734375
1.9824219,-2.2714844
-0.23327637,-0.06732178
-2.1269531,1.8603516
-0.40893555,0.18151855
0.4477539,-0.74609375
-5.0390625,4.4296875
-2.3632812,1.9902344
-0.6298828,0.26416016
0.35546875,-0.67041016
-1.2558594,0.77783203
-2.515625,2.0390625
-0.06536865,-0.20336914
-3.3085938,2.9023438
-0.32202148,0.011817932
-1.0703125,0.7553711
-0.66064453,0.27368164
-2.03125,1.6904297
-0.93310547,0.57714844
-0.9501953,0.5288086
-0.9926758,0.6953125
0.30541992,-0.77246094
-2.5039062,1.9873047
-0.68652344,0.36816406
-0.38208008,-0.039733887
-0.95947266,0.66064453
-3.1191406,2.640625
-2.7011719,2.296875
-1.8759766,1.4970703
-0.7216797,0.41088867
-0.88964844,0.61816406
-1.4951172,1.0791016
0.33789062,-0.6303711
-0.4777832,0.17834473
-3.4121094,3.015625
0.9326172,-1.2021484
-0.22973633,-0.009170532
-1.3759766,1.0595703
-0.50341797,0.20263672
-0.7792969,0.55371094
-1.2099609,0.88134766
-5.5390625,4.9335938
0.41186523,-0.68066406
-0.16589355,-0.1381836
-0.9902344,0.6923828
-1.0429688,0.65966797
-1.4921875,1.1484375
-1.5576172,0.9897461
-5.5,4.9023438
-2.1914062,1.8818359
-0.2824707,-0.06604004
1.6191406,-1.8925781
-2.4980469,1.8662109
-1.1425781,0.8671875
-0.22009277,-0.0925293
-0.47705078,0.21594238
-2.8691406,2.3554688
0.21569824,-0.42651367
-0.2607422,-0.07525635
-3.2695312,2.8789062
-1.3115234,1.03125
-4.2734375,3.7539062
-1.1191406,0.7558594
-0.5595703,0.29833984
-0.5864258,0.30517578
-5.1640625,4.6484375
-2.1601562,1.8125
0.49609375,-0.6977539
-2.5292969,2.1582031
-2.046875,1.5527344
1.4042969,-1.6757812
-3.4492188,2.9277344
0.5786133,-0.86376953
-0.9785156,0.6118164
-2.5292969,2.171875
-2.1230469,1.8427734
-0.83935547,0.5913086
-2.0996094,1.6972656
1.5019531,-1.7929688
-0.24633789,-0.044403076
-4.2265625,3.6484375
-4.65625,4.1523438
0.05657959,-0.4169922
-1.8134766,1.4765625
-4.8476562,4.3203125
-8.8359375,-3.3144531
-0.8022461,0.4555664
1.0703125,-1.296875
1.1113281,-1.4355469
-4.2929688,3.3691406
-2.5429688,2.1992188
-1.7265625,1.3330078
-0.9160156,0.5488281
2.3027344,-2.5488281
-0.6015625,0.24499512
-1.0927734,0.82910156
-1.4375,1.046875
2.2285156,-2.3769531
-1.1738281,0.8515625
-0.6542969,0.38867188
0.5644531,-0.73535156
-0.31518555,0.01826477
-2.984375,2.4082031
2.2128906,-2.4453125
-3.3320312,2.8515625
-1.4716797,1.1767578
-0.3149414,0.03768921
-2.7363281,2.34375
-2.0175781,1.5400391
-2.3535156,1.9199219
-2.1171875,1.5585938
0.30566406,-0.6269531
-1.6699219,1.2519531
1.3574219,-1.6318359
-3.3378906,2.9609375
-1.4013672,1.1445312
0.06958008,-0.34887695
-0.640625,0.22521973
-1.0205078,0.55615234
-1.4101562,1.078125
-2.4648438,2.0097656
-0.60791016,0.25170898
0.96875,-1.2363281
-0.7192383,0.3684082
1.1171875,-1.3525391
-0.39794922,0.0859375
0.29418945,-0.5175781
-3.015625,1.6015625
-1.4619141,1.0429688
-0.09063721,-0.21533203
-0.7265625,0.5161133
-4.21875,3.7011719
-2.9453125,2.546875
-2.1269531,1.75
-2.9492188,2.6523438
-1.7666016,1.375
-2.3710938,1.9628906
-3.671875,3.1523438
1.4648438,-1.6679688
-2.9433594,2.5625
-2.6835938,2.2011719
-3.5058594,3.0605469
-1.9765625,1.6220703
-2.4804688,1.7861328
-1.0195312,0.56347656
-1.6972656,0.30932617
-2.2558594,1.9023438
-4.7421875,4.3085938
-4.8984375,3.1054688
-0.064575195,-0.23303223
-1.6308594,1.21875
-0.83740234,0.4152832
-3.9785156,3.5566406
-1.9746094,1.5732422
-2.9882812,2.3789062
-0.64746094,0.32666016
-0.044433594,-0.32739258
-1.5107422,1.1289062
-0.41357422,0.10235596
-0.36254883,0.012573242
-1.4941406,1.0722656
-4.4726562,3.8925781
1.4453125,-1.6523438
-1.3857422,1.0019531
1.0791016,-1.3320312
-3.1757812,2.7265625
0.19396973,-0.46142578
0.20666504,-0.43432617
-1.0175781,0.6411133
-1.2919922,1.0507812
0.6225586,-0.96875
-0.31298828,-0.00028324127
-0.65771484,0.31030273
-2.6367188,2.1855469
-1.1240234,0.7973633
-3.1796875,2.75
-2.6601562,2.2910156
-0.96875,0.5996094
-2.9316406,2.5644531
-0.6254883,0.31884766
-1.6132812,1.2861328
0.45361328,-0.7128906
-0.54248047,0.13757324
-0.068603516,-0.2631836
0.9243164,-1.1796875
0.9584961,-1.2041016
-2.0039062,1.6748047
-0.34960938,0.06591797
-1.5244141,1.1601562
-3.5761719,-1.2802734
-0.48657227,0.2927246
3.3847656,-3.6738281
-1.1230469,0.78222656
-0.09509277,-0.18762207
0.3388672,-0.69628906
-1.0029297,0.6459961
1.7695312,-1.9492188
-0.08532715,-0.21911621
-1.7099609,1.296875
-1.1337891,0.8100586
0.28979492,-0.5913086
-0.32836914,0.06890869
-4.4296875,3.9726562
-2.5214844,2.1699219
-2.9746094,2.4960938
-2.1308594,1.7246094
1.6552734,-1.8789062
-3.4003906,2.8808594
-3.4394531,3.0722656
-0.8618164,0.59521484
-1.5371094,1.1171875
-1.5146484,1.1318359
-4.9609375,3.2539062
-4.484375,2.4980469
-4.8398438,4.3398438
-0.34399414,0.044189453
-1.0166016,0.78808594
-2.8164062,2.3046875
-2.3007812,1.7294922
-4.4726562,3.6738281
-1.2578125,0.8930664
-1.9570312,1.5585938
-2.0859375,1.7802734
0.02861023,-0.24621582
-1.5205078,1.0888672
-2.5859375,2.2324219
-4.2148438,3.796875
-2.9375,2.4648438
-0.7373047,0.45410156
-0.17956543,-0.22058105
-3.859375,3.3710938
-1.5576172,1.1318359
-2.6113281,2.2519531
-1.4990234,1.1025391
0.8803711,-1.1191406
-0.7241211,0.40576172
-2.6425781,2.2460938
-1.3457031,0.3955078
-3.4609375,2.8789062
-4.2929688,3.625
-1.4355469,1.0976562
-0.018676758,-0.19702148
3.0351562,-3.2285156
-0.18188477,-0.2076416
0.29614258,-0.6660156
1.6308594,-1.8203125
-3.4355469,2.9023438
-3.3183594,2.9199219
-2.8125,2.3242188
-0.37670898,0.109313965
0.9897461,-1.2841797
-4.0664062,1.1357422
-1.7871094,1.4042969
-5.359375,4.8789062
-1.7949219,-0.2668457
0.087524414,-0.35107422
-4.7617188,4.1914062
-0.29956055,0.030685425
-2.0839844,1.7900391
-2.3085938,1.8964844
0.016555786,-0.2758789
0.058135986,-0.41455078
-0.63671875,0.33666992
-2.6289062,2.1464844
0.38793945,-0.61572266
1.4804688,-1.59375
-3.8125,3.3964844
-1.5126953,1.1748047
-0.6328125,0.22131348
0.6567383,-0.87109375
-3.7929688,3.3320312
-2.1601562,1.7158203
-4.1640625,3.5722656
-2.7109375,2.2949219
-0.23022461,-0.065979004
-1.4238281,1.1123047
-4.3867188,3.8066406
-0.6484375,0.38183594
-3.9335938,3.4335938
-1.4804688,1.1992188
-1.1435547,0.7919922
-0.42651367,0.04611206
0.13549805,-0.4802246
-1.7197266,1.2792969
-1.1923828,0.85302734
0.116760254,-0.5078125
-3.703125,3.1679688
-2.5371094,2.0234375
-2.2148438,1.7919922
-2.0878906,1.671875
0.33496094,-0.65722656
-3.0058594,2.6132812
-5.1953125,4.640625
-2.3496094,1.9560547
-3.015625,2.5546875
-0.6352539,0.44628906
2.921875,-3.0859375
-3.8359375,3.2832031
-0.27368164,0.014595032
0.97216797,-1.1835938
-0.02671814,-0.25952148
-1.4003906,0.99902344
-2.4355469,1.9384766
1.2792969,-1.546875
0.9584961,-1.1962891
-0.9375,0.57910156
-2.5859375,2.1914062
-0.15283203,-0.15478516
-0.08026123,-0.23840332
-1.3115234,0.87646484
-4.15625,3.6933594
-1.5410156,1.0791016
-4.6445312,4.09375
-1.6269531,1.2324219
1.6464844,-1.8710938
-1.0546875,0.6074219
0.097229004,-0.32080078
0.25073242,-0.49291992
-1.2509766,0.89941406
-0.08630371,-0.2467041
0.6748047,-0.9272461
2.2246094,-2.5410156
-5.0742188,4.3671875
1.15625,-1.46875
0.11047363,-0.41259766
0.8623047,-1.0683594
-0.60791016,0.3322754
-1.109375,0.8017578
-2.5996094,2.2675781
-4.2421875,3.5625
1.9824219,-2.15625
-1.5263672,1.0283203
0.55859375,-0.85595703
0.7314453,-1.0380859
1.484375,-1.75
-3.640625,3.2128906
-2.8554688,2.5429688
0.6855469,-0.94628906
-1.1289062,0.72509766
-2.7402344,2.2597656
1.1416016,-1.4472656
-0.92333984,0.53466797
-6.640625,5.9023438
-4.5,4.0585938
-2.6757812,2.2558594
-1.6083984,1.2949219
-0.3947754,0.16772461
5.4836273e-05,-0.4074707
-4.8242188,4.2890625
-0.56884766,0.22521973
-1.4482422,1.0
-2.3730469,1.9726562
-0.41796875,0.12042236
-0.796875,0.49804688
0.7685547,-1.0634766
-1.6796875,1.3398438
1.2275391,-1.4316406
-3.5449219,3.078125
-1.8740234,1.5712891
-3.6445312,0.020507812
0.27490234,-0.53027344
-0.88720703,0.5107422
-0.1817627,-0.08428955
-2.2050781,1.7109375
-0.06567383,-0.10369873
-5.9570312,5.0585938
-1.7617188,1.4052734
-1.4707031,1.1298828
1.9775391,-2.1328125
-0.8442383,0.5654297
-0.54541016,0.17602539
-1.7363281,1.4628906
1.3867188,-1.6865234
-3.1503906,2.4667969
0.5649414,-0.85253906
-0.3540039,0.0056610107
-1.9521484,1.6503906
0.45385742,-0.77246094
0.3371582,-0.62890625
-1.3105469,1.0136719
1.5283203,-1.7695312
